0 1 1 1 1
1 2 1 1 1
2 3 0 0 01
2 2 0 0 00
2 1 1 1 1
3 2 1 1 1
4 3 0 0 04
4 2 1 1 1
5 3 0 0 05
5 2 1 1 1
6 3 0 0 06
6 2 1 1 1
7 3 0 0 07
7 2 1 1 1
8 3 0 0 08
8 2 1 1 1
9 3 0 0 03
9 2 0 0 02
9 1 1 1 1
10 2 0 0 010
10 1 1 1 1
11 2 0 0 011
11 1 1 1 1
12 2 1 1 1
13 3 0 0 013
13 2 1 1 1
14 3 0 0 014
14 2 1 1 1
15 3 0 0 015
15 2 1 1 1
16 3 0 0 012
16 2 1 1 1
17 3 1 1 1
18 4 0 0 017
18 3 1 1 1
19 4 0 0 019
19 3 1 1 1
20 4 0 0 020
20 3 1 1 1
21 4 0 0 021
21 3 1 1 1
22 4 0 0 022
22 3 1 1 1
23 4 0 0 023
23 3 1 1 1
24 4 0 0 024
24 3 1 1 1
25 4 0 0 025
25 3 1 1 1
26 4 0 0 026
26 3 1 1 1
27 4 1 1 1
28 5 0 0 028
28 4 1 1 1
29 5 0 0 027
29 4 0 0 018
29 3 0 0 029
29 2 1 1 1
30 3 0 0 016
30 2 0 0 09
30 1 1 1 1
31 2 0 0 031
31 1 1 1 1
32 2 1 1 1
33 3 0 0 032
33 2 1 1 1
34 3 0 0 034
34 2 1 1 1
35 3 1 1 1
36 4 0 0 035
36 3 1 1 1
37 4 0 0 037
37 3 1 1 1
38 4 1 1 1
39 5 0 0 038
39 4 1 1 1
40 5 1 1 1
41 6 0 0 040
41 5 1 1 1
42 6 0 0 042
42 5 1 1 1
43 6 0 0 043
43 5 1 1 1
44 6 0 0 044
44 5 1 1 1
45 6 0 0 045
45 5 1 1 1
46 6 0 0 046
46 5 1 1 1
47 6 0 0 041
47 5 0 0 039
47 4 0 0 036
47 3 1 1 1
48 4 0 0 048
48 3 1 1 1
49 4 1 1 1
50 5 0 0 049
50 4 0 0 047
50 3 0 0 033
50 2 0 0 030
50 1 1 1 1
51 2 0 0 051
51 1 1 1 1
52 2 0 0 052
52 1 1 1 1
53 2 0 0 053
53 1 1 1 1
54 2 0 0 054
54 1 1 1 1
55 2 0 0 055
55 1 1 1 1
56 2 0 0 056
56 1 1 1 1
57 2 1 1 1
58 3 0 0 058
58 2 1 1 1
59 3 0 0 059
59 2 1 1 1
60 3 0 0 057
60 2 1 1 1
61 3 1 1 1
62 4 0 0 062
62 3 1 1 1
63 4 0 0 063
63 3 1 1 1
64 4 0 0 064
64 3 1 1 1
65 4 0 0 065
65 3 1 1 1
66 4 0 0 061
66 3 1 1 1
67 4 0 0 067
67 3 1 1 1
68 4 0 0 068
68 3 1 1 1
69 4 0 0 069
69 3 1 1 1
70 4 0 0 066
70 3 1 1 1
71 4 0 0 071
71 3 1 1 1
72 4 0 0 072
72 3 1 1 1
73 4 0 0 073
73 3 1 1 1
74 4 1 1 1
75 5 0 0 060
75 4 1 1 1
76 5 1 1 1
77 6 0 0 077
77 5 1 1 1
78 6 0 0 074
78 5 1 1 1
79 6 0 0 079
79 5 1 1 1
80 6 0 0 080
80 5 1 1 1
81 6 0 0 081
81 5 1 1 1
82 6 0 0 082
82 5 1 1 1
83 6 0 0 083
83 5 1 1 1
84 6 0 0 076
84 5 1 1 1
85 6 0 0 078
85 5 1 1 1
86 6 0 0 085
86 5 1 1 1
87 6 0 0 087
87 5 1 1 1
88 6 0 0 088
88 5 1 1 1
89 6 0 0 089
89 5 1 1 1
90 6 0 0 090
90 5 1 1 1
91 6 0 0 091
91 5 1 1 1
92 6 0 0 092
92 5 1 1 1
93 6 0 0 093
93 5 1 1 1
94 6 0 0 094
94 5 1 1 1
95 6 0 0 095
95 5 1 1 1
96 6 0 0 096
96 5 1 1 1
97 6 0 0 084
97 5 1 1 1
98 6 0 0 098
98 5 1 1 1
99 6 0 0 099
99 5 1 1 1
100 6 0 0 0100
100 5 1 1 1
101 6 0 0 0101
101 5 1 1 1
102 6 0 0 0102
102 5 1 1 1
103 6 0 0 0103
103 5 1 1 1
104 6 0 0 0104
104 5 1 1 1
105 6 0 0 0105
105 5 1 1 1
106 6 0 0 0106
106 5 1 1 1
107 6 0 0 097
107 5 1 1 1
108 6 0 0 0108
108 5 1 1 1
109 6 0 0 0109
109 5 1 1 1
110 6 0 0 0110
110 5 1 1 1
111 6 0 0 0111
111 5 1 1 1
112 6 0 0 0112
112 5 1 1 1
113 6 0 0 0113
113 5 1 1 1
114 6 0 0 0114
114 5 1 1 1
115 6 0 0 0107
115 5 1 1 1
116 6 0 0 0116
116 5 1 1 1
117 6 0 0 0117
117 5 1 1 1
118 6 0 0 0118
118 5 1 1 1
119 6 0 0 0119
119 5 1 1 1
120 6 0 0 0120
120 5 1 1 1
121 6 0 0 0121
121 5 1 1 1
122 6 0 0 0122
122 5 1 1 1
123 6 0 0 0123
123 5 1 1 1
124 6 0 0 0124
124 5 1 1 1
125 6 0 0 0125
125 5 1 1 1
126 6 1 1 1
127 7 0 0 0127
127 6 1 1 1
128 7 1 1 1
129 8 0 0 0129
129 7 1 1 1
130 8 0 0 0130
130 7 1 1 1
131 8 0 0 0131
131 7 1 1 1
132 8 0 0 0132
132 7 1 1 1
133 8 0 0 0133
133 7 1 1 1
134 8 0 0 0134
134 7 1 1 1
135 8 0 0 0135
135 7 1 1 1
136 8 0 0 0136
136 7 1 1 1
137 8 0 0 0137
137 7 1 1 1
138 8 0 0 0138
138 7 1 1 1
139 8 0 0 0139
139 7 1 1 1
140 8 0 0 0140
140 7 1 1 1
141 8 0 0 0141
141 7 1 1 1
142 8 0 0 0142
142 7 1 1 1
143 8 0 0 0143
143 7 1 1 1
144 8 0 0 0144
144 7 1 1 1
145 8 0 0 0145
145 7 1 1 1
146 8 0 0 0146
146 7 1 1 1
147 8 0 0 0126
147 7 0 0 086
147 6 0 0 075
147 5 0 0 0128
147 4 0 0 0115
147 3 0 0 070
147 2 0 0 050
147 1 1 1 1
148 2 0 0 0147
148 1 1 1 1
149 2 1 1 1
150 3 0 0 0150
150 2 1 1 1
151 3 0 0 0149
151 2 1 1 1
152 3 0 0 0152
152 2 1 1 1
153 3 1 1 1
154 4 0 0 0154
154 3 1 1 1
155 4 1 1 1
156 5 0 0 0156
156 4 1 1 1
157 5 0 0 0153
157 4 0 0 0155
157 3 1 1 1
158 4 0 0 0158
158 3 1 1 1
159 4 0 0 0159
159 3 1 1 1
160 4 1 1 1
161 5 0 0 0161
161 4 1 1 1
162 5 1 1 1
163 6 0 0 0163
163 5 1 1 1
164 6 0 0 0162
164 5 0 0 0157
164 4 0 0 0160
164 3 1 1 1
165 4 0 0 0151
165 3 0 0 0164
165 2 0 0 0148
165 1 1 1 1
166 2 0 0 0166
166 1 1 1 1
167 2 1 1 1
168 3 1 1 1
169 4 0 0 0168
169 3 1 1 1
170 4 0 0 0170
170 3 1 1 1
171 4 0 0 0169
171 3 1 1 1
172 4 0 0 0172
172 3 1 1 1
173 4 0 0 0173
173 3 1 1 1
174 4 0 0 0174
174 3 1 1 1
175 4 0 0 0175
175 3 1 1 1
176 4 0 0 0167
176 3 1 1 1
177 4 0 0 0177
177 3 1 1 1
178 4 0 0 0178
178 3 1 1 1
179 4 0 0 0179
179 3 1 1 1
180 4 0 0 0180
180 3 1 1 1
181 4 0 0 0181
181 3 1 1 1
182 4 0 0 0182
182 3 1 1 1
183 4 0 0 0183
183 3 1 1 1
184 4 0 0 0184
184 3 1 1 1
185 4 0 0 0185
185 3 1 1 1
186 4 1 1 1
187 5 1 1 1
188 6 0 0 0186
188 5 0 0 0187
188 4 0 0 0171
188 3 1 1 0176
188 2 0 0 0188
188 1 1 1 1
189 2 1 1 1
190 3 1 1 1
191 4 0 0 0191
191 3 1 1 1
192 4 0 0 0192
192 3 1 1 1
193 4 0 0 0193
193 3 1 1 1
194 4 0 0 0194
194 3 1 1 1
195 4 0 0 0195
195 3 1 1 1
196 4 0 0 0196
196 3 1 1 1
197 4 0 0 0190
197 3 1 1 1
198 4 0 0 0198
198 3 1 1 1
199 4 0 0 0199
199 3 1 1 1
200 4 0 0 0197
200 3 1 1 1
201 4 0 0 0201
201 3 1 1 1
202 4 0 0 0202
202 3 1 1 1
203 4 0 0 0203
203 3 1 1 1
204 4 0 0 0204
204 3 1 1 1
205 4 0 0 0205
205 3 1 1 1
206 4 0 0 0206
206 3 1 1 1
207 4 0 0 0207
207 3 1 1 1
208 4 0 0 0208
208 3 1 1 1
209 4 1 1 1
210 5 0 0 0210
210 4 1 1 1
211 5 0 0 0211
211 4 1 1 1
212 5 0 0 0212
212 4 1 1 1
213 5 0 0 0213
213 4 1 1 1
214 5 1 1 2
215 6 0 0 0214
215 5 1 1 1
216 6 0 0 0216
216 5 1 1 1
217 6 0 0 0217
217 5 1 1 1
218 6 0 0 0218
218 5 1 1 1
219 6 0 0 0215
219 5 1 1 1
220 6 0 0 0220
220 5 1 1 1
221 6 0 0 0221
221 5 1 1 1
222 6 0 0 0222
222 5 1 1 1
223 6 0 0 0223
223 5 1 1 1
224 6 0 0 0209
224 5 1 1 1
225 6 0 0 0219
225 5 1 1 1
226 6 0 0 0226
226 5 1 1 1
227 6 0 0 0227
227 5 1 1 1
228 6 0 0 0228
228 5 1 1 1
229 6 0 0 0229
229 5 1 1 1
230 6 0 0 0230
230 5 1 1 1
231 6 0 0 0231
231 5 1 1 1
232 6 0 0 0232
232 5 1 1 1
233 6 0 0 0233
233 5 1 1 1
234 6 0 0 0234
234 5 1 1 1
235 6 0 0 0189
235 5 1 1 2
236 6 0 0 0236
236 5 1 1 2
237 6 0 0 0237
237 5 1 1 2
238 6 0 0 0238
238 5 1 1 2
239 6 0 0 0239
239 5 1 1 2
240 6 0 0 0240
240 5 1 1 2
241 6 0 0 0241
241 5 1 1 2
242 6 0 0 0242
242 5 1 1 2
243 6 0 0 0243
243 5 1 1 2
244 6 0 0 0244
244 5 1 1 2
245 6 1 1 1
246 7 0 0 0246
246 6 1 1 1
247 7 0 0 0247
247 6 1 1 1
248 7 0 0 0248
248 6 1 1 1
249 7 0 0 0245
249 6 1 1 1
250 7 1 1 1
251 8 0 0 0251
251 7 1 1 1
252 8 0 0 0250
252 7 1 1 1
253 8 0 0 0253
253 7 1 1 1
254 8 0 0 0254
254 7 1 1 1
255 8 0 0 0255
255 7 1 1 1
256 8 0 0 0256
256 7 1 1 1
257 8 0 0 0257
257 7 1 1 1
258 8 0 0 0258
258 7 1 1 1
259 8 0 0 0259
259 7 1 1 1
260 8 0 0 0260
260 7 1 1 1
261 8 0 0 0252
261 7 1 1 1
262 8 0 0 0262
262 7 1 1 1
263 8 0 0 0263
263 7 1 1 1
264 8 0 0 0264
264 7 1 1 1
265 8 0 0 0265
265 7 1 1 1
266 8 0 0 0266
266 7 1 1 1
267 8 0 0 0224
267 7 0 0 0249
267 6 0 0 0235
267 5 0 0 0261
267 4 0 0 0225
267 3 0 0 0200
267 2 0 0 0165
267 1 1 1 1
268 2 0 0 0268
268 1 1 1 1
269 2 1 1 1
270 3 0 0 0270
270 2 1 1 1
271 3 1 1 1
272 4 0 0 0272
272 3 1 1 1
273 4 1 1 1
274 5 0 0 0271
274 4 0 0 0273
274 3 1 1 1
275 4 0 0 0275
275 3 1 1 1
276 4 0 0 0276
276 3 1 1 1
277 4 0 0 0277
277 3 1 1 1
278 4 0 0 0278
278 3 1 1 1
279 4 0 0 0279
279 3 1 1 1
280 4 0 0 0280
280 3 1 1 1
281 4 1 1 1
282 5 0 0 0281
282 4 0 0 0274
282 3 0 0 0269
282 2 1 1 1
283 3 0 0 0283
283 2 1 1 1
284 3 0 0 0282
284 2 1 1 1
285 3 0 0 0285
285 2 1 1 1
286 3 1 1 1
287 4 0 0 0287
287 3 1 1 1
288 4 0 0 0288
288 3 1 1 1
289 4 0 0 0289
289 3 1 1 1
290 4 0 0 0290
290 3 1 1 1
291 4 1 1 1
292 5 0 0 0291
292 4 0 0 0286
292 3 1 1 1
293 4 0 0 0293
293 3 1 1 1
294 4 0 0 0294
294 3 1 1 1
295 4 0 0 0295
295 3 1 1 1
296 4 0 0 0296
296 3 1 1 1
297 4 0 0 0297
297 3 1 1 1
298 4 0 0 0298
298 3 1 1 1
299 4 0 0 0299
299 3 1 1 1
300 4 0 0 0300
300 3 1 1 1
301 4 0 0 0301
301 3 1 1 1
302 4 1 1 1
303 5 0 0 0302
303 4 0 0 0292
303 3 1 1 1
304 4 0 0 0304
304 3 1 1 1
305 4 0 0 0305
305 3 1 1 1
306 4 0 0 0306
306 3 1 1 1
307 4 0 0 0307
307 3 1 1 1
308 4 0 0 0308
308 3 1 1 1
309 4 0 0 0309
309 3 1 1 1
310 4 0 0 0310
310 3 1 1 1
311 4 0 0 0311
311 3 1 1 1
312 4 0 0 0312
312 3 1 1 1
313 4 0 0 0313
313 3 1 1 1
314 4 0 0 0314
314 3 1 1 1
315 4 0 0 0315
315 3 1 1 1
316 4 0 0 0316
316 3 1 1 1
317 4 1 1 1
318 5 1 1 1
319 6 0 0 0319
319 5 1 1 1
320 6 0 0 0320
320 5 1 1 1
321 6 0 0 0321
321 5 1 1 1
322 6 0 0 0322
322 5 1 1 1
323 6 0 0 0323
323 5 1 1 1
324 6 0 0 0318
324 5 1 1 1
325 6 0 0 0324
325 5 1 1 1
326 6 0 0 0326
326 5 1 1 1
327 6 0 0 0327
327 5 1 1 1
328 6 0 0 0325
328 5 1 1 1
329 6 1 1 1
330 7 0 0 0330
330 6 1 1 1
331 7 1 1 1
332 8 0 0 0332
332 7 1 1 1
333 8 0 0 0333
333 7 1 1 1
334 8 0 0 0334
334 7 1 1 1
335 8 0 0 0335
335 7 1 1 1
336 8 0 0 0336
336 7 1 1 1
337 8 0 0 0337
337 7 1 1 1
338 8 0 0 0338
338 7 1 1 1
339 8 0 0 0339
339 7 1 1 1
340 8 0 0 0340
340 7 1 1 1
341 8 0 0 0341
341 7 1 1 1
342 8 0 0 0331
342 7 1 1 1
343 8 0 0 0343
343 7 1 1 1
344 8 0 0 0344
344 7 1 1 1
345 8 0 0 0329
345 7 0 0 0317
345 6 0 0 0342
345 5 0 0 0328
345 4 0 0 0303
345 3 1 1 1
346 4 0 0 0346
346 3 1 1 1
347 4 0 0 0347
347 3 1 1 1
348 4 0 0 0345
348 3 1 1 1
349 4 0 0 0349
349 3 1 1 1
350 4 0 0 0350
350 3 1 1 1
351 4 0 0 0351
351 3 1 1 1
352 4 0 0 0352
352 3 1 1 1
353 4 0 0 0353
353 3 1 1 1
354 4 1 1 1
355 5 1 1 1
356 6 0 0 0355
356 5 1 1 1
357 6 0 0 0357
357 5 1 1 1
358 6 0 0 0358
358 5 1 1 1
359 6 0 0 0359
359 5 1 1 1
360 6 0 0 0354
360 5 0 0 0356
360 4 1 1 1
361 5 0 0 0361
361 4 1 1 1
362 5 0 0 0362
362 4 1 1 1
363 5 0 0 0363
363 4 1 1 1
364 5 0 0 0364
364 4 1 1 1
365 5 0 0 0365
365 4 1 1 1
366 5 1 1 1
367 6 1 1 1
368 7 0 0 0368
368 6 1 1 1
369 7 0 0 0366
369 6 0 0 0367
369 5 1 1 1
370 6 0 0 0370
370 5 1 1 1
371 6 0 0 0371
371 5 1 1 1
372 6 0 0 0372
372 5 1 1 1
373 6 0 0 0373
373 5 1 1 1
374 6 0 0 0374
374 5 1 1 1
375 6 0 0 0375
375 5 1 1 1
376 6 0 0 0369
376 5 1 1 1
377 6 0 0 0377
377 5 1 1 1
378 6 0 0 0376
378 5 1 1 2
379 6 0 0 0379
379 5 1 1 2
380 6 0 0 0380
380 5 1 1 2
381 6 0 0 0381
381 5 1 1 2
382 6 1 1 1
383 7 0 0 0383
383 6 1 1 1
384 7 1 1 1
385 8 0 0 0385
385 7 1 1 1
386 8 0 0 0386
386 7 1 1 1
387 8 0 0 0387
387 7 1 1 1
388 8 0 0 0388
388 7 1 1 1
389 8 0 0 0384
389 7 1 1 1
390 8 0 0 0390
390 7 1 1 1
391 8 0 0 0391
391 7 1 1 1
392 8 0 0 0392
392 7 1 1 1
393 8 0 0 0393
393 7 1 1 1
394 8 0 0 0394
394 7 1 1 1
395 8 0 0 0395
395 7 1 1 1
396 8 0 0 0396
396 7 1 1 1
397 8 0 0 0397
397 7 1 1 1
398 8 0 0 0398
398 7 1 1 1
399 8 0 0 0389
399 7 1 1 1
400 8 0 0 0400
400 7 1 1 1
401 8 0 0 0401
401 7 1 1 1
402 8 0 0 0402
402 7 1 1 1
403 8 0 0 0403
403 7 1 1 1
404 8 0 0 0404
404 7 1 1 1
405 8 0 0 0405
405 7 1 1 1
406 8 0 0 0406
406 7 1 1 1
407 8 0 0 0407
407 7 1 1 1
408 8 0 0 0408
408 7 1 1 1
409 8 0 0 0409
409 7 1 1 1
410 8 0 0 0410
410 7 1 1 1
411 8 0 0 0411
411 7 1 1 1
412 8 0 0 0412
412 7 1 1 1
413 8 0 0 0413
413 7 1 1 1
414 8 0 0 0382
414 7 0 0 0399
414 6 0 0 0414
414 5 1 1 1
415 6 0 0 0415
415 5 1 1 1
416 6 0 0 0416
416 5 1 1 1
417 6 0 0 0417
417 5 1 1 1
418 6 0 0 0418
418 5 1 1 1
419 6 0 0 0419
419 5 1 1 1
420 6 0 0 0360
420 5 1 1 1
421 6 0 0 0421
421 5 1 1 1
422 6 0 0 0422
422 5 1 1 1
423 6 0 0 0423
423 5 1 1 1
424 6 0 0 0424
424 5 1 1 1
425 6 0 0 0425
425 5 1 1 1
426 6 0 0 0426
426 5 1 1 1
427 6 1 1 1
428 7 0 0 0427
428 6 1 1 1
429 7 0 0 0429
429 6 1 1 1
430 7 0 0 0430
430 6 1 1 1
431 7 1 1 1
432 8 0 0 0431
432 7 1 1 2
433 8 0 0 0432
433 7 1 1 2
434 8 0 0 0434
434 7 1 1 2
435 8 0 0 0435
435 7 1 1 2
436 8 0 0 0436
436 7 1 1 2
437 8 0 0 0437
437 7 1 1 2
438 8 0 0 0438
438 7 1 1 2
439 8 0 0 0439
439 7 1 1 2
440 8 0 0 0440
440 7 1 1 2
441 8 0 0 0441
441 7 1 1 2
442 8 0 0 0442
442 7 1 1 2
443 8 0 0 0443
443 7 1 1 2
444 8 0 0 0444
444 7 1 1 2
445 8 0 0 0445
445 7 1 1 2
446 8 0 0 0446
446 7 1 1 2
447 8 0 0 0447
447 7 1 1 2
448 8 0 0 0448
448 7 1 1 2
449 8 0 0 0449
449 7 1 1 2
450 8 0 0 0450
450 7 1 1 2
451 8 0 0 0451
451 7 1 1 2
452 8 0 0 0452
452 7 1 1 2
453 8 0 0 0453
453 7 1 1 2
454 8 0 0 0454
454 7 1 1 2
455 8 0 0 0455
455 7 1 1 2
456 8 0 0 0456
456 7 1 1 2
457 8 0 0 0457
457 7 1 1 2
458 8 0 0 0458
458 7 1 1 2
459 8 0 0 0459
459 7 1 1 2
460 8 0 0 0460
460 7 1 1 2
461 8 0 0 0461
461 7 1 1 2
462 8 0 0 0462
462 7 1 1 2
463 8 0 0 0463
463 7 1 1 2
464 8 0 0 0464
464 7 1 1 2
465 8 0 0 0465
465 7 1 1 2
466 8 0 0 0466
466 7 1 1 2
467 8 0 0 0467
467 7 1 1 2
468 8 0 0 0468
468 7 1 1 2
469 8 0 0 0469
469 7 1 1 2
470 8 0 0 0470
470 7 1 1 2
471 8 0 0 0471
471 7 1 1 2
472 8 0 0 0472
472 7 1 1 2
473 8 0 0 0473
473 7 1 1 2
474 8 0 0 0433
474 7 1 1 1
475 8 0 0 0475
475 7 1 1 1
476 8 0 0 0476
476 7 1 1 1
477 8 0 0 0477
477 7 1 1 1
478 8 0 0 0478
478 7 1 1 1
479 8 0 0 0479
479 7 1 1 1
480 8 0 0 0480
480 7 1 1 1
481 8 0 0 0481
481 7 1 1 1
482 8 0 0 0482
482 7 1 1 1
483 8 0 0 0483
483 7 1 1 1
484 8 0 0 0474
484 7 1 1 1
485 8 0 0 0428
485 7 0 0 0484
485 6 0 0 0378
485 5 1 1 2
486 6 0 0 0486
486 5 1 1 2
487 6 0 0 0487
487 5 1 1 2
488 6 0 0 0488
488 5 1 1 2
489 6 0 0 0489
489 5 1 1 2
490 6 0 0 0490
490 5 1 1 2
491 6 0 0 0491
491 5 1 1 2
492 6 0 0 0492
492 5 1 1 2
493 6 0 0 0420
493 5 0 0 0485
493 4 0 0 0348
493 3 1 1 1
494 4 0 0 0494
494 3 1 1 1
495 4 0 0 0495
495 3 1 1 1
496 4 0 0 0496
496 3 1 1 1
497 4 0 0 0497
497 3 1 1 1
498 4 0 0 0498
498 3 1 1 1
499 4 0 0 0499
499 3 1 1 1
500 4 0 0 0500
500 3 1 1 1
501 4 0 0 0501
501 3 1 1 1
502 4 0 0 0502
502 3 1 1 1
503 4 0 0 0503
503 3 1 1 1
504 4 0 0 0504
504 3 1 1 1
505 4 0 0 0505
505 3 1 1 1
506 4 1 1 1
507 5 1 1 1
508 6 0 0 0508
508 5 1 1 1
509 6 0 0 0509
509 5 1 1 1
510 6 0 0 0510
510 5 1 1 1
511 6 0 0 0511
511 5 1 1 1
512 6 0 0 0512
512 5 1 1 1
513 6 0 0 0506
513 5 1 1 1
514 6 0 0 0514
514 5 1 1 1
515 6 0 0 0515
515 5 1 1 1
516 6 0 0 0507
516 5 1 1 1
517 6 0 0 0517
517 5 1 1 1
518 6 0 0 0518
518 5 1 1 1
519 6 0 0 0519
519 5 1 1 1
520 6 0 0 0520
520 5 1 1 1
521 6 0 0 0521
521 5 1 1 1
522 6 1 1 1
523 7 0 0 0523
523 6 1 1 1
524 7 0 0 0524
524 6 1 1 1
525 7 0 0 0525
525 6 1 1 1
526 7 1 1 1
527 8 0 0 0527
527 7 1 1 1
528 8 0 0 0526
528 7 1 1 1
529 8 0 0 0528
529 7 1 1 1
530 8 0 0 0530
530 7 1 1 1
531 8 0 0 0531
531 7 1 1 1
532 8 0 0 0532
532 7 1 1 1
533 8 0 0 0533
533 7 1 1 1
534 8 0 0 0534
534 7 1 1 1
535 8 0 0 0535
535 7 1 1 1
536 8 0 0 0536
536 7 1 1 1
537 8 0 0 0537
537 7 1 1 1
538 8 0 0 0538
538 7 1 1 1
539 8 0 0 0539
539 7 1 1 1
540 8 0 0 0540
540 7 1 1 1
541 8 0 0 0522
541 7 0 0 0529
541 6 0 0 0516
541 5 1 1 1
542 6 0 0 0542
542 5 1 1 1
543 6 0 0 0543
543 5 1 1 1
544 6 0 0 0544
544 5 1 1 1
545 6 0 0 0545
545 5 1 1 1
546 6 0 0 0546
546 5 1 1 1
547 6 0 0 0547
547 5 1 1 1
548 6 0 0 0548
548 5 1 1 1
549 6 0 0 0549
549 5 1 1 1
550 6 0 0 0550
550 5 1 1 1
551 6 0 0 0551
551 5 1 1 1
552 6 0 0 0552
552 5 1 1 1
553 6 0 0 0553
553 5 1 1 1
554 6 0 0 0554
554 5 1 1 1
555 6 0 0 0555
555 5 1 1 1
556 6 0 0 0556
556 5 1 1 1
557 6 0 0 0557
557 5 1 1 1
558 6 0 0 0558
558 5 1 1 1
559 6 0 0 0559
559 5 1 1 1
560 6 0 0 0560
560 5 1 1 1
561 6 0 0 0561
561 5 1 1 1
562 6 1 1 2
563 7 0 0 0563
563 6 1 1 2
564 7 0 0 0564
564 6 1 1 2
565 7 0 0 0565
565 6 1 1 2
566 7 0 0 0566
566 6 1 1 2
567 7 0 0 0567
567 6 1 1 2
568 7 0 0 0568
568 6 1 1 2
569 7 0 0 0513
569 6 1 1 1
570 7 0 0 0570
570 6 1 1 1
571 7 0 0 0571
571 6 1 1 1
572 7 0 0 0572
572 6 1 1 1
573 7 1 1 1
574 8 0 0 0573
574 7 1 1 1
575 8 0 0 0574
575 7 1 1 1
576 8 0 0 0576
576 7 1 1 1
577 8 0 0 0577
577 7 1 1 1
578 8 0 0 0575
578 7 1 1 2
579 8 0 0 0562
579 7 0 0 0569
579 6 0 0 0578
579 5 0 0 0541
579 4 0 0 0493
579 3 1 1 2
580 4 0 0 0580
580 3 1 1 2
581 4 0 0 0581
581 3 1 1 2
582 4 1 1 1
583 5 1 1 1
584 6 0 0 0584
584 5 1 1 1
585 6 0 0 0585
585 5 1 1 1
586 6 0 0 0586
586 5 1 1 1
587 6 0 0 0583
587 5 1 1 1
588 6 0 0 0587
588 5 1 1 1
589 6 0 0 0589
589 5 1 1 1
590 6 0 0 0590
590 5 1 1 1
591 6 0 0 0591
591 5 1 1 1
592 6 0 0 0592
592 5 1 1 1
593 6 0 0 0593
593 5 1 1 1
594 6 0 0 0588
594 5 1 1 1
595 6 0 0 0595
595 5 1 1 1
596 6 0 0 0596
596 5 1 1 1
597 6 0 0 0597
597 5 1 1 1
598 6 0 0 0598
598 5 1 1 1
599 6 0 0 0599
599 5 1 1 1
600 6 0 0 0600
600 5 1 1 1
601 6 0 0 0601
601 5 1 1 1
602 6 0 0 0602
602 5 1 1 1
603 6 0 0 0603
603 5 1 1 1
604 6 0 0 0604
604 5 1 1 1
605 6 0 0 0605
605 5 1 1 1
606 6 0 0 0606
606 5 1 1 1
607 6 0 0 0594
607 5 1 1 1
608 6 0 0 0608
608 5 1 1 1
609 6 0 0 0609
609 5 1 1 1
610 6 0 0 0610
610 5 1 1 1
611 6 0 0 0611
611 5 1 1 1
612 6 0 0 0612
612 5 1 1 1
613 6 0 0 0613
613 5 1 1 1
614 6 0 0 0582
614 5 0 0 0284
614 4 0 0 0607
614 3 0 0 0579
614 2 0 0 0267
614 1 1 1 1
615 2 1 1 1
616 3 0 0 0616
616 2 1 1 1
617 3 0 0 0617
617 2 1 1 1
618 3 1 1 1
619 4 0 0 0619
619 3 1 1 1
620 4 0 0 0620
620 3 1 1 1
621 4 0 0 0621
621 3 1 1 1
622 4 0 0 0622
622 3 1 1 1
623 4 0 0 0623
623 3 1 1 1
624 4 0 0 0624
624 3 1 1 1
625 4 0 0 0625
625 3 1 1 1
626 4 0 0 0626
626 3 1 1 1
627 4 0 0 0627
627 3 1 1 1
628 4 0 0 0628
628 3 1 1 1
629 4 0 0 0615
629 3 1 1 1
630 4 0 0 0629
630 3 0 0 0618
630 2 0 0 0614
630 1 1 1 1
631 2 1 1 1
632 3 0 0 0632
632 2 1 1 1
633 3 1 1 1
634 4 1 1 1
635 5 0 0 0635
635 4 1 1 1
636 5 0 0 0636
636 4 1 1 1
637 5 0 0 0634
637 4 0 0 0633
637 3 0 0 0631
637 2 1 1 1
638 3 0 0 0638
638 2 1 1 1
639 3 1 1 1
640 4 0 0 0640
640 3 1 1 1
641 4 0 0 0641
641 3 1 1 1
642 4 0 0 0642
642 3 1 1 1
643 4 0 0 0643
643 3 1 1 1
644 4 0 0 0639
644 3 1 1 1
645 4 0 0 0637
645 3 1 1 1
646 4 0 0 0646
646 3 1 1 1
647 4 0 0 0647
647 3 1 1 1
648 4 0 0 0648
648 3 1 1 1
649 4 0 0 0649
649 3 1 1 1
650 4 0 0 0645
650 3 1 1 1
651 4 0 0 0651
651 3 1 1 1
652 4 0 0 0652
652 3 1 1 1
653 4 0 0 0653
653 3 1 1 1
654 4 0 0 0654
654 3 1 1 1
655 4 0 0 0655
655 3 1 1 1
656 4 0 0 0656
656 3 1 1 1
657 4 0 0 0650
657 3 1 1 1
658 4 1 1 1
659 5 0 0 0658
659 4 0 0 0644
659 3 1 1 1
660 4 0 0 0660
660 3 1 1 1
661 4 0 0 0661
661 3 1 1 1
662 4 0 0 0662
662 3 1 1 1
663 4 0 0 0663
663 3 1 1 1
664 4 0 0 0664
664 3 1 1 1
665 4 0 0 0665
665 3 1 1 1
666 4 0 0 0666
666 3 1 1 1
667 4 0 0 0657
667 3 1 1 1
668 4 0 0 0668
668 3 1 1 1
669 4 0 0 0669
669 3 1 1 1
670 4 0 0 0670
670 3 1 1 1
671 4 0 0 0671
671 3 1 1 1
672 4 0 0 0667
672 3 1 1 1
673 4 0 0 0673
673 3 1 1 1
674 4 0 0 0674
674 3 1 1 1
675 4 0 0 0675
675 3 1 1 1
676 4 0 0 0659
676 3 1 1 1
677 4 0 0 0677
677 3 1 1 1
678 4 0 0 0678
678 3 1 1 1
679 4 1 1 1
680 5 1 1 1
681 6 0 0 0681
681 5 1 1 1
682 6 0 0 0682
682 5 1 1 1
683 6 0 0 0683
683 5 1 1 1
684 6 0 0 0684
684 5 1 1 1
685 6 0 0 0685
685 5 1 1 1
686 6 0 0 0686
686 5 1 1 1
687 6 0 0 0687
687 5 1 1 1
688 6 0 0 0688
688 5 1 1 1
689 6 0 0 0689
689 5 1 1 1
690 6 0 0 0690
690 5 1 1 1
691 6 0 0 0679
691 5 1 1 0691
691 4 0 0 0680
691 3 1 1 1
692 4 1 1 1
693 5 0 0 0693
693 4 1 1 1
694 5 1 1 1
695 6 0 0 0695
695 5 1 1 1
696 6 0 0 0696
696 5 1 1 1
697 6 0 0 0694
697 5 1 1 1
698 6 0 0 0698
698 5 1 1 1
699 6 0 0 0699
699 5 1 1 1
700 6 0 0 0700
700 5 1 1 1
701 6 0 0 0701
701 5 1 1 1
702 6 0 0 0702
702 5 1 1 1
703 6 0 0 0697
703 5 1 1 1
704 6 0 0 0704
704 5 1 1 1
705 6 0 0 0705
705 5 1 1 1
706 6 0 0 0706
706 5 1 1 1
707 6 1 1 1
708 7 1 1 1
709 8 0 0 0709
709 7 1 1 1
710 8 0 0 0710
710 7 1 1 1
711 8 0 0 0711
711 7 1 1 1
712 8 0 0 0712
712 7 1 1 1
713 8 0 0 0713
713 7 1 1 1
714 8 0 0 0714
714 7 1 1 1
715 8 0 0 0715
715 7 1 1 1
716 8 0 0 0708
716 7 0 0 0707
716 6 0 0 0692
716 5 0 0 0703
716 4 0 0 0716
716 3 1 1 1
717 4 0 0 0717
717 3 1 1 1
718 4 1 1 1
719 5 1 1 1
720 6 0 0 0718
720 5 1 1 1
721 6 0 0 0719
721 5 1 1 1
722 6 0 0 0722
722 5 1 1 1
723 6 0 0 0723
723 5 1 1 1
724 6 0 0 0721
724 5 0 0 0720
724 4 1 1 1
725 5 1 1 1
726 6 0 0 0726
726 5 1 1 1
727 6 0 0 0727
727 5 1 1 1
728 6 0 0 0725
728 5 1 1 1
729 6 0 0 0729
729 5 1 1 1
730 6 0 0 0730
730 5 1 1 1
731 6 0 0 0731
731 5 1 1 1
732 6 0 0 0732
732 5 1 1 1
733 6 0 0 0733
733 5 1 1 1
734 6 0 0 0734
734 5 1 1 1
735 6 0 0 0735
735 5 1 1 1
736 6 0 0 0736
736 5 1 1 1
737 6 0 0 0737
737 5 1 1 1
738 6 0 0 0738
738 5 1 1 1
739 6 0 0 0739
739 5 1 1 1
740 6 0 0 0740
740 5 1 1 1
741 6 0 0 0741
741 5 1 1 1
742 6 0 0 0742
742 5 1 1 1
743 6 0 0 0743
743 5 1 1 1
744 6 0 0 0744
744 5 1 1 1
745 6 0 0 0745
745 5 1 1 1
746 6 0 0 0746
746 5 1 1 1
747 6 0 0 0747
747 5 1 1 1
748 6 0 0 0748
748 5 1 1 1
749 6 0 0 0724
749 5 1 1 1
750 6 0 0 0750
750 5 1 1 1
751 6 0 0 0751
751 5 1 1 1
752 6 0 0 0752
752 5 1 1 1
753 6 0 0 0728
753 5 1 1 1
754 6 0 0 0754
754 5 1 1 1
755 6 1 1 1
756 7 0 0 0756
756 6 1 1 1
757 7 1 1 1
758 8 0 0 0758
758 7 1 1 1
759 8 0 0 0757
759 7 1 1 1
760 8 0 0 0760
760 7 1 1 1
761 8 0 0 0761
761 7 1 1 1
762 8 0 0 0762
762 7 1 1 1
763 8 0 0 0763
763 7 1 1 1
764 8 1 1 1
765 9 0 0 0765
765 8 1 1 1
766 9 0 0 0766
766 8 1 1 1
767 9 0 0 0767
767 8 1 1 1
768 9 0 0 0768
768 8 1 1 1
769 9 0 0 0769
769 8 1 1 1
770 9 0 0 0770
770 8 1 1 1
771 9 0 0 0771
771 8 1 1 1
772 9 0 0 0772
772 8 1 1 1
773 9 0 0 0773
773 8 1 1 1
774 9 0 0 0774
774 8 1 1 1
775 9 0 0 0775
775 8 1 1 1
776 9 0 0 0776
776 8 1 1 1
777 9 0 0 0777
777 8 1 1 1
778 9 0 0 0778
778 8 1 1 1
779 9 0 0 0779
779 8 1 1 1
780 9 0 0 0780
780 8 1 1 1
781 9 1 1 1
782 10 0 0 0782
782 9 1 1 1
783 10 0 0 0783
783 9 1 1 1
784 10 0 0 0784
784 9 1 1 1
785 10 0 0 0785
785 9 1 1 1
786 10 0 0 0786
786 9 1 1 1
787 10 0 0 0755
787 9 1 1 1
788 10 0 0 0764
788 9 0 0 0759
